% Matlab m-File exported from HFSS2015.1.0 
% Note: In three-dimensional arrays, like S(i,j,k), the first index corresponds to the frequency.
%       So, S(N,j,k) is an S(j,k) matrix for frequency N.

f = zeros(300,1);
S = zeros(300,2,2);

f = [1000000000 2000000000 3000000000 4000000000 5000000000 6000000000 7000000000 8000000000 9000000000 10000000000 11000000000 12000000000 13000000000 14000000000 15000000000 16000000000 17000000000 18000000000 19000000000 20000000000 21000000000 22000000000 23000000000 24000000000 25000000000 26000000000 27000000000 28000000000 29000000000 30000000000 31000000000 32000000000 33000000000 34000000000 35000000000 36000000000 37000000000 38000000000 39000000000 40000000000 41000000000 42000000000 43000000000 44000000000 45000000000 46000000000 47000000000 48000000000 49000000000 50000000000 51000000000 52000000000 53000000000 54000000000 55000000000 56000000000 57000000000 58000000000 59000000000 60000000000 61000000000 62000000000 63000000000 64000000000 65000000000 66000000000 67000000000 68000000000 69000000000 70000000000 71000000000 72000000000 73000000000 74000000000 75000000000 76000000000 77000000000 78000000000 79000000000 80000000000 81000000000 82000000000 83000000000 84000000000 85000000000 86000000000 87000000000 88000000000 89000000000 90000000000 91000000000 92000000000 93000000000 94000000000 95000000000 96000000000 97000000000 98000000000 99000000000 100000000000 101000000000 102000000000 103000000000 104000000000 105000000000 106000000000 107000000000 108000000000 109000000000 110000000000 111000000000 112000000000 113000000000 114000000000 115000000000 116000000000 117000000000 118000000000 119000000000 120000000000 121000000000 122000000000 123000000000 124000000000 125000000000 126000000000 127000000000 128000000000 129000000000 130000000000 131000000000 132000000000 133000000000 134000000000 135000000000 136000000000 137000000000 138000000000 139000000000 140000000000 141000000000 142000000000 143000000000 144000000000 145000000000 146000000000 147000000000 148000000000 149000000000 150000000000 151000000000 152000000000 153000000000 154000000000 155000000000 156000000000 157000000000 158000000000 159000000000 160000000000 161000000000 162000000000 163000000000 164000000000 165000000000 166000000000 167000000000 168000000000 169000000000 170000000000 171000000000 172000000000 173000000000 174000000000 175000000000 176000000000 177000000000 178000000000 179000000000 180000000000 181000000000 182000000000 183000000000 184000000000 185000000000 186000000000 187000000000 188000000000 189000000000 190000000000 191000000000 192000000000 193000000000 194000000000 195000000000 196000000000 197000000000 198000000000 199000000000 200000000000 201000000000 202000000000 203000000000 204000000000 205000000000 206000000000 207000000000 208000000000 209000000000 210000000000 211000000000 212000000000 213000000000 214000000000 215000000000 216000000000 217000000000 218000000000 219000000000 220000000000 221000000000 222000000000 223000000000 224000000000 225000000000 226000000000 227000000000 228000000000 229000000000 230000000000 231000000000 232000000000 233000000000 234000000000 235000000000 236000000000 237000000000 238000000000 239000000000 240000000000 241000000000 242000000000 243000000000 244000000000 245000000000 246000000000 247000000000 248000000000 249000000000 250000000000 251000000000 252000000000 253000000000 254000000000 255000000000 256000000000 257000000000 258000000000 259000000000 260000000000 261000000000 262000000000 263000000000 264000000000 265000000000 266000000000 267000000000 268000000000 269000000000 270000000000 271000000000 272000000000 273000000000 274000000000 275000000000 276000000000 277000000000 278000000000 279000000000 280000000000 281000000000 282000000000 283000000000 284000000000 285000000000 286000000000 287000000000 288000000000 289000000000 290000000000 291000000000 292000000000 293000000000 294000000000 295000000000 296000000000 297000000000 298000000000 299000000000 300000000000 ];
S(1,:,:) = [    4.570617E-003 +    1.244540E-003i,    9.953978E-001 -    9.107640E-003i;   9.953978E-001 -    9.107640E-003i,    4.571900E-003 +    1.244447E-003i];
S(2,:,:) = [    5.020746E-003 +    2.012103E-003i,    9.948443E-001 -    1.779517E-002i;   9.948443E-001 -    1.779517E-002i,    5.022032E-003 +    2.011019E-003i];
S(3,:,:) = [    5.335724E-003 +    2.635458E-003i,    9.943457E-001 -    2.628061E-002i;   9.943457E-001 -    2.628061E-002i,    5.336798E-003 +    2.633964E-003i];
S(4,:,:) = [    5.596304E-003 +    3.236260E-003i,    9.938688E-001 -    3.471692E-002i;   9.938688E-001 -    3.471692E-002i,    5.597463E-003 +    3.234551E-003i];
S(5,:,:) = [    5.850448E-003 +    3.823892E-003i,    9.933590E-001 -    4.313869E-002i;   9.933590E-001 -    4.313869E-002i,    5.851932E-003 +    3.821918E-003i];
S(6,:,:) = [    6.114691E-003 +    4.390499E-003i,    9.927856E-001 -    5.154581E-002i;   9.927856E-001 -    5.154581E-002i,    6.116644E-003 +    4.388137E-003i];
S(7,:,:) = [    6.392404E-003 +    4.928472E-003i,    9.921327E-001 -    5.993116E-002i;   9.921327E-001 -    5.993116E-002i,    6.394897E-003 +    4.925584E-003i];
S(8,:,:) = [    6.681664E-003 +    5.432685E-003i,    9.913914E-001 -    6.828706E-002i;   9.913914E-001 -    6.828706E-002i,    6.684716E-003 +    5.429143E-003i];
S(9,:,:) = [    6.978484E-003 +    5.900312E-003i,    9.905561E-001 -    7.660661E-002i;   9.905561E-001 -    7.660661E-002i,    6.982077E-003 +    5.896005E-003i];
S(10,:,:) = [    7.278261E-003 +    6.330336E-003i,    9.896230E-001 -    8.488380E-002i;   9.896230E-001 -    8.488380E-002i,    7.282353E-003 +    6.325175E-003i];
S(11,:,:) = [    7.551276E-003 +    6.898209E-003i,    9.886872E-001 -    9.327650E-002i;   9.886872E-001 -    9.327650E-002i,    7.549062E-003 +    6.897915E-003i];
S(12,:,:) = [    7.844121E-003 +    7.449235E-003i,    9.876709E-001 -    1.016447E-001i;   9.876709E-001 -    1.016447E-001i,    7.835877E-003 +    7.454973E-003i];
S(13,:,:) = [    8.155376E-003 +    7.982603E-003i,    9.865758E-001 -    1.099875E-001i;   9.865758E-001 -    1.099875E-001i,    8.141547E-003 +    7.995504E-003i];
S(14,:,:) = [    8.483595E-003 +    8.497649E-003i,    9.854038E-001 -    1.183037E-001i;   9.854038E-001 -    1.183037E-001i,    8.464788E-003 +    8.518782E-003i];
S(15,:,:) = [    8.827325E-003 +    8.993848E-003i,    9.841567E-001 -    1.265928E-001i;   9.841567E-001 -    1.265928E-001i,    8.804293E-003 +    9.024202E-003i];
S(16,:,:) = [    9.185116E-003 +    9.470813E-003i,    9.828361E-001 -    1.348542E-001i;   9.828361E-001 -    1.348542E-001i,    9.158747E-003 +    9.511278E-003i];
S(17,:,:) = [    9.555539E-003 +    9.928285E-003i,    9.814438E-001 -    1.430875E-001i;   9.814438E-001 -    1.430875E-001i,    9.526836E-003 +    9.979636E-003i];
S(18,:,:) = [    9.937198E-003 +    1.036613E-002i,    9.799813E-001 -    1.512925E-001i;   9.799813E-001 -    1.512925E-001i,    9.907261E-003 +    1.042902E-002i];
S(19,:,:) = [    1.032874E-002 +    1.078433E-002i,    9.784501E-001 -    1.594690E-001i;   9.784501E-001 -    1.594690E-001i,    1.029874E-002 +    1.085926E-002i];
S(20,:,:) = [    1.072885E-002 +    1.118296E-002i,    9.768516E-001 -    1.676170E-001i;   9.768516E-001 -    1.676170E-001i,    1.070004E-002 +    1.127030E-002i];
S(21,:,:) = [    1.113631E-002 +    1.156220E-002i,    9.751869E-001 -    1.757365E-001i;   9.751869E-001 -    1.757365E-001i,    1.110995E-002 +    1.166219E-002i];
S(22,:,:) = [    1.154991E-002 +    1.192232E-002i,    9.734574E-001 -    1.838276E-001i;   9.734574E-001 -    1.838276E-001i,    1.152731E-002 +    1.203502E-002i];
S(23,:,:) = [    1.196856E-002 +    1.226364E-002i,    9.716640E-001 -    1.918906E-001i;   9.716640E-001 -    1.918906E-001i,    1.195100E-002 +    1.238899E-002i];
